2
3
4
5
6
7
8
10
12
15
17
19
20
21
22
24
25
26
27
28
29
30
31
32
33
34
35
36
37
38
39
40
41
43
44
45
46
47
48
49
50
51
52
53
54
55
56
57
58
59
60
61
62
63
64
65
66
67
68
69
70
71
72
73
74
75
76
77
78
79
80
81
82
83
84
85
86
87
89
90
91
92
93
94
95
96
97
98
99
100
101
102
103
104
105
108
109
110
111
112
113
114
115
116
117
118
119
120
122
123
124
125
126
127
128
129
130
131
132
133
134
135
136
137
139
140
144
145
146
147
148
153
154
155
156
157
158
159
161
163
164
165
166
167
168
169
171
172
173
174
175
178
179
180
181
182
183
184
185
186
188
189
190
191
192
193
194
195
196
197
198
200
202
203
204
205
206
209
212
213
214
215
216
217
218
219
220
221
222
223
225
226
227
228
229
230
231
232
234
235
236
237
238
239
240
241
242
243
244
245
246
247
248
249
250
251
252
253
254
255
256
257
258
259
260
261
262
263
264
265
267
268
269
270
271
272
273
274
275
276
277
278
279
280
281
282
283
285
286
287
288
289
290
291
292
294
295
296
298
299
300
301
302
304
305
306
308
309
310
311
313
315
316
317
318
319
320
321
323
324
325
326
327
328
329
330
331
332
334
335
336
337
338
344
345
346
347
349
356
361
365
368
372
374
376
378
384
386
387
391
393
394
395
396
399
400
403
405
407
411
415
417
418
421
428
430
434
436
440
441
442
447
448
451
453
454
458
463
465
466
467
468
469
470
471
472
473
474
475
476
480
483
484
485
487
492
493
494
496
497
499
500
501
503
504
505
506
507
508
509
510
511
512
513
514
515
516
517
518
519
520
521
522
524
525
526
527
528
529
531
532
533
534
535
536
537
538
539
540
541
542
543
544
545
547
549
553
554
555
557
559
560
561
564
565
566
568
570
575
577
578
581
582
585
595
596
598
600
603
604
606
607
608
610
614
615
617
619
620
621
622
625
629
633
636
637
642
646
647
650
652
653
655
658
659
660
661
662
664
665
666
667
668
669
670
673
674
675
679
680
681
682
683
685
686
688
689
692
693
694
695
700
705
706
707
708
712
713
717
719
720
722
725
727
730
735
738
749
751
758
762
767
771
774
776
777
778
779
781
782
783
784
790
791
792
795
797
798
799
802
803
805
807
809
811
813
814
815
819
821
824
825
827
832
834
835
842
844
845
850
851
860
862
863
865
868
869
871
874
876
877
879
888
889
890
891
893
894
897
898
899
904
905
909
910
913
919
926
928
933
935
936
938
939
940
942
944
945
952
953
955
962
963
964
965
971
972
979
981
982
983
985
986
988
989
990
992
999
1002
1004
1006
1010
1012
1013
1014
1015
1016
1018
1019
1022
1024
1029
1032
1034
1040
1043
1045
1047
1049
1056
1058
1060
1062
1063
1069
1070
1071
1077
1078
1079
1083
1085
1087
1089
1090
1094
1095
1097
1098
1099
1101
1107
1113
1119
1124
1125
1127
1128
1152
1154
1155
1156
1160
1161
1163
1164
1165
1167
1172
1173
1177
1178
1180
1182
1185
1186
1189
1190
1191
1193
1197
1199
1208
1209
1215
1222
1224
1225
1228
1229
1232
1235
1237
1239
1244
1245
1252
1253
1259
1260
1264
1267
1268
1273
1280
1286
1287
1296
1300
1304
1306
1344
1355
1358
1360
1366
1370
1385
1390
1394
1396
1404
1411
1413
1414
1423
1428
1441
1449
1454
1460
1469
1479
1487
1520
1528
1533
1535
1545
1548
1553
1554
1555
1557
1558
1559
1560
1590
1591
1596
1601
1606
1611
1613
1622
1624
1628
1635
1639
1641
1643
1645
1646
1647
1648
1651
1652
1653
1654
1658
1660
1662
1663
1664
1678
1679
1680
1681
1702
1704
1705
1713
1717
1718
1723
1724
1727
1741
1742
1745
1746
1750
1751
1752
1753
1756
1759
1766
1768
1772
1775
1781
1784
1787
1788
1789
1791
1792
1793
1795
1796
1801
1802
1804
1806
1808
1811
1812
1819
1822
1828
1835
1836
1838
1842
1846
1849
1851
1857
1860
1877
1881
1890
1899
1900
1916
1917
1919
1930
1931
1932
1933
1934
1937
1938
1940
1943
1944
1945
1950
1951
1952
1953
1958
1959
1966
1969
1970
1971
1973
1978
1984
1985
1989
2002
2006
2008
2027
2029
2046
2049
2051
2053
2065
2066
2069
2070
2075
2076
2078
2079
2081
2087
2091
2093
2099
2102
2105
2106
2110
2113
2117
2143
2154
2163
2164
2169
2205
2206
2208
2214
2220
2226
2240
2242
2249
2262
2269
2330
2333
2356
2382
2391
2415
2418
2420
2431
2470
2478
2497
2506
2507
2543
2554
2558
2569
2592
2599
2605
2614
2625
2628
2632
2635
2654
2658
2692
2711
2712
2716
2723
2727
2733
2735
2742
2744
2745
2763
2768
2777
2779
2783
2798
2811
2818
2821
2836
2845
2848
2855
2869
2871
2883
2892
2898
2909
2914
2915
2925
2928
2932
2933
2939
2945
2946
2965
2966
2972
2984
2985
2991
2999
3000
3057
3079
3085
3086
3097
3107
3119
3126
3129
3141
3155
3164
3165
3168
3188
3190
3195
3208
3210
3218
3219
3224
3228
3229
3236
3242
3247
3255
3260
3269
3284
3297
3315
3327
3350
3357
3359
3362
3370
3391
3428
3432
3435
3440
3445
3452
3509
3518
3527
3531
3538
3542
3564
3586
3597
3610
3613
3614
3636
3660
3670
3677
3696
3714
3717
3721
3742
3743
3746
3751
3758
3760
3770
3771
3787
3793
3794
3800
3811
3812
3813
3814
3818
3834
3859
3868
3873
3874
3896
3897
3910
3915
3944
3947
3993
3997
4020
4023
4028
4033
4046
4070
4097
4098
4110
4112
4116
4117
4119
4120
4125
4133
4134
4142
4147
4164
4171
4172
4179
4182
4185
4189
4200
4238
4256
4258
4277
4295
4298
4308
4317
4325
4330
4331
4340
4342
4345
4371
4372
4420
4424
4434
4440
4447
4460
4461
4468
4476
4484
4488
4489
4491
4502
4536
4542
4562
4569
4579
4586
4605
4628
4638
4640
4641
4643
4663
4665
4744
4747
4760
4763
4809
4827
4853
4854
4896
4912
4985
4986
5006
5021
5031
5033
5053
5061
5085
5106
5162
5165
5177
5242
5257
5258
5290
5308
5316
5354
5395
5400
5417
5428
5457
5465
5482
5484
5485
5500
5520
5521
5538
5539
5541
5568
5584
5597
5598
5601
5602
5603
5604
5605
5607
5608
5609
5610
5619
5620
5625
5628
5632
5635
5639
5643
5645
5646
5658
5659
5660
5661
5679
5681
5682
5685
5689
5706
5727
5741
5752
5768
5785
5800
5824
5827
5832
5834
5873
5876
5954
5960
6029
6032
6132
6253
6257
6258
6259
6324
6328
6330
6332
6337
6347
6370
6372
6384
6385
6388
6391
6395
6396
6417
6425
6427
6432
6450
6451
6456
6461
6475
6478
6489
6490
6501
6503
6507
6508
6514
6528
6529
6530
6532
6537
6538
6540
6545
6551
6556
6557
6561
6563
6566
6568
6575
6576
6578
6579
6583
6586
6590
6591
6594
6595
6598
6601
6603
6613
6616
6619
6620
6622
6624
6626
6631
6634
6636
6653
6654
6656
6660
6662
6663
6664
6666
6667
6668
6670
6674
6681
6695
6697
6713
6719
6724
6725
6726
6729
6731
6740
6741
6743
6750
6752
6757
6761
6769
6777
6782
6784
6793
6812
6821
6836
6842
6845
6880
6885
6907
6916
6939
6947
6950
6966
6969
7020
7025
7043
7067
7071
7073
7082
7121
7123
7153
7201
7204
7205
7206
7211
7215
7233
7240
7257
7264
7282
7285
7306
7357